
1645 726
1640 726
1640 726
1640 726
1640 726
1640 726
1640 726
1640 726
1640 726
1640 726
1640 726
1640 726
1640 726
1640 726
1640 726
1640 726
1640 726
1640 726
1640 726
1640 726
1640 726
1640 726
1640 726
1640 726
1640 726
1640 726
1640 726
1640 726
1640 726
1640 726
1640 726
1640 726
1640 726
1640 726
1640 726
1640 726
1640 726
1640 726
1640 726
1640 726
1640 726
1640 726
1640 726
1640 726
1640 726
1640 726
1640 726
1640 726
1640 726
1640 726
1640 726
1640 726
1640 726
1640 726
1640 726
1640 726
1640 726
1640 726
1640 726
1640 726
1640 726
1640 726
1640 726
1640 726
1640 726
1640 726
1640 726
1640 726
1640 726
1640 726
1640 726
1640 726
1640 726
1640 726
1640 726
1640 726
1640 726
1640 726
1640 726
1640 726
1640 726
1640 726
1640 726
1640 726
1640 726
1640 726
1640 726
1640 726
1640 726
1640 726
1640 726
1640 726
1640 726
1640 726
1640 726
1640 726
1640 726
1598 726
1565 726
1522 726
1488 726
1449 726
1411 726
1370 726
1330 726
1286 726
1244 726
1195 726
1154 726
1113 726
1071 726
1029 726
991 726
941 726
891 726
855 726
816 726
773 726
732 726
690 726
640 726
598 726
557 726
510 726
473 726
433 726
392 726
349 726
307 726
258 726
219 726
180 726
131 726
90 726
57 175
60 98
74 74
67 723
1681 723
1681 723
1681 723
1681 723
1681 723
1681 723
1680 723
1680 724
1680 724
1681 724
1680 724
1680 724
1680 724
1680 724
1680 724
1680 724
1680 724
1680 724
1680 724
1680 724
1680 724
1680 724
1680 724
1680 724
1680 724
1680 724
1680 724
1680 724
1680 724
1680 724
1680 724
1680 724
1680 724
1680 724
1680 724
1680 724
1680 724
1680 724
1680 724
1680 724
1680 724
1680 724
1680 724
1680 724
1680 724
1680 724
1680 724
1680 724
1680 724
1680 724
1680 724
1680 724
1680 724
1680 724
1680 724
1680 724
1680 724
1680 724
1680 724
1680 724
1680 724
1680 724
1680 724
1680 724
1680 724
1680 724
1680 724
1680 724
1680 724
1680 724
1680 724
1680 724
1680 724
1680 724
1680 724
1680 724
1680 724
1680 724
